-0.253319,0.186569,0.204690,0.350803,-0.105194,0.113875,-0.024240,-0.249655,0.237407,0.074157,-0.400660,0.361918,0.117075,-0.319476,-0.173730
0.270501,-0.088375,-0.134656,-0.087678,0.133202,-0.071046,-0.084149,0.224345,-0.165118,-0.011095,0.270957,-0.125354,-0.007857,0.160478,0.185708
0.878668,0.829821,0.915780,1.443517,1.363531,1.025341,1.324802,1.330555,0.862523,1.206477,1.117730,0.881720,0.730454,1.288360,1.060775,0.671281,0.923562,0.822798,0.774872,1.498258,0.549538,1.429128,1.107014,1.386426,0.510081,1.004354
0.961445,1.045157,0.703030,1.271043,0.548047,1.478280,0.862543,1.333850,1.078842,0.850832,0.530136,0.892630,0.896482,1.317562,1.248367,0.865043,1.190613,0.931777,1.410184,0.883479,1.172431,1.320867,0.880660,0.537350,0.905269,1.269673
0.929622,0.816588,0.641377,0.823247,1.389947,0.620929,0.922275,1.210109,0.726842,0.763639,1.166986,1.013080,0.951640,1.353452,1.182110,0.984341,0.913166,0.990283,1.168479,1.001972,1.060941,0.657058,0.670316,1.354398,1.142521,0.744088
1.215026,1.068306,0.898613,1.027856,0.811206,1.366552,1.311796,1.187479,1.271860,0.955551,1.343694,0.510738,1.494401,1.270634,0.863686,1.453030,0.531155,1.350275,0.593604,0.794203,0.759979,0.507697,0.748461,0.818101,0.883199,1.443334
1.401799,1.496439,1.071850,0.898177,0.966484,0.994200,1.021369,0.652981,1.004868,1.473707,1.224750,0.861038,0.771584,0.551323,1.172458,1.469129,0.578890,1.345412,0.877786,0.858528,1.489633,1.498843,1.413462,1.373219,1.391164,1.098704
0.733646,0.868103,0.957194,0.920560,0.678363,0.951955,0.551263,0.824349,1.290793,1.069484,0.583874,0.809566,1.341988,1.096350,1.380530,0.569127,1.282445,0.583844,1.052104,0.967771,1.438141,1.323014,1.433680,1.347583,0.699252,1.380802
0.624599,1.076456,0.512987,1.245873,1.114113,1.236257,1.450526,1.295340,1.092438,0.860334,1.101577,1.151520,0.926158,0.622296,0.649565,1.176456,1.340189,1.392595,0.816784,0.700574,1.364349,0.557264,0.528862,1.153771,0.533792,0.519584
1.068896,0.776124,1.413840,1.260709,0.965117,1.031947,0.938083,1.407902,1.435906,1.418042,0.670952,0.705332,0.651139,0.797845,1.372682,1.238997,0.607813,0.923120,1.103577,1.401492,0.870425,1.301287,1.241734,0.974187,1.001028,1.051165
1.449002,1.202194,0.914309,0.974683,1.266116,1.313227,0.981080,1.351393,1.169865,1.348259,1.111722,0.777992,0.778668,0.741836,0.689356,0.605376,1.132877,0.541981,1.501334,1.170490,0.666858,0.678016,0.556483,1.443151,0.832627,1.198295
1.088566,1.299530,0.945258,0.813816,1.364618,1.022205,1.283321,0.805440,0.796786,1.232584,0.943593,0.507124,0.974328,0.865771,0.521756,1.429702,0.969633,1.377586,1.120462,1.352475,0.689234,0.826382,0.729395,1.304409,0.543056,0.989737
0.504197,0.853335,1.220575,1.168755,0.988416,0.584971,0.828610,0.818133,0.774641,1.212107,1.270395,0.750422,0.674483,1.190454,0.937202,0.889505,0.928385,1.265216,0.771002,1.413368,1.437176,0.837716,0.776546,1.365709,0.617298,0.546655
0.752814,1.359248,0.846338,1.088717,0.754255,0.600871,1.085149,1.444902,0.755177,0.813233,0.636055,0.663326,1.046589,1.289669,0.706384,1.482887,0.984388,0.674638,0.598537,0.721469,1.496946,0.682372,1.238492,0.807026,1.007288,1.364537
1.055887,1.434502,1.166347,1.050509,0.581332,0.680473,1.104739,0.784030,1.032764,0.529097,1.494769,1.154394,1.233545,1.180743,1.248411,1.414184,0.978676,1.068731,1.071418,0.907339,1.374748,0.998090,0.692625,1.494912,1.156747,1.295519
1.050283,1.153043,0.546631,1.371743,1.195521,1.372399,0.645081,0.627272,1.203051,0.539876,0.962067,1.111564,0.878430,0.941093,0.978814,0.777318,0.550110,0.551857,1.452617,0.819458,0.683970,1.259047,1.373378,0.969313,0.668016,0.663767
1.055659,1.137546,1.487147,1.212653,0.631157,1.326025,0.591756,0.595621,1.163544,1.218170,0.793859,1.376539,0.652259,1.345704,1.345244,0.701914,1.369202,1.247085,1.121969,0.969874,0.530133,0.518432,1.109356,0.505255,0.904216,1.136859
0.056401,0.190353
0.203181,0.198099,0.197958,0.197245,0.201137,0.199266,0.199304,0.202031,0.198814,0.199694,0.203803,0.197124,0.199027,0.202625,0.202336
